[[ 80 280   0]
 [ 81 280   0]
 [ 82 280   0]
 [ 83 280   0]
 [ 84 280   0]
 [ 85 280   0]
 [ 86 280   0]
 [ 87 280   0]
 [ 88 280   0]
 [ 89 280   0]
 [ 90 280   0]
 [ 91 280   0]
 [ 92 280   0]
 [ 93 280   0]
 [ 94 280   0]
 [ 95 280   0]
 [ 96 280   0]
 [ 97 280   0]
 [ 98 279   0]
 [ 99 279   0]
 [100 279   0]
 [101 279   0]
 [102 279   0]
 [103 279   0]
 [104 279   0]
 [105 279   0]
 [106 279   0]
 [107 279   0]
 [108 279   0]
 [109 279   0]
 [110 279   0]
 [111 279   0]
 [112 279   0]
 [113 279   0]
 [114 279   0]
 [115 279   0]
 [116 279   0]
 [117 278   0]
 [118 278   0]
 [119 278   0]
 [120 278   0]
 [121 278   0]
 [122 278   0]
 [123 278   0]
 [124 278   0]
 [125 278   0]
 [126 278   0]
 [127 278   0]
 [128 278   0]
 [129 278   0]
 [130 278   0]
 [131 278   0]
 [132 278   0]
 [133 278   0]
 [134 278   0]
 [135 278   0]
 [136 277   0]
 [137 277   0]
 [138 277   0]
 [139 277   0]
 [140 277   0]
 [141 277   0]
 [142 277   0]
 [143 277   0]
 [144 277   0]
 [145 277   0]
 [146 277   0]
 [147 277   0]
 [148 277   0]
 [149 277   0]
 [150 277   0]
 [151 277   0]
 [152 277   0]
 [153 277   0]
 [154 277   0]
 [155 276   0]
 [156 276   0]
 [157 276   0]
 [158 276   0]
 [159 276   0]
 [160 276   0]
 [161 276   0]
 [162 276   0]
 [163 276   0]
 [164 276   0]
 [165 276   0]
 [166 276   0]
 [167 276 100]
 [168 276 100]
 [169 276   0]
 [170 276   0]
 [171 276   0]
 [172 276   0]
 [173 276   0]
 [174 275   0]
 [175 275   0]
 [176 275   0]
 [177 275   0]
 [178 275   0]
 [179 275   0]
 [180 275   0]
 [181 275   0]
 [182 275   0]
 [183 275   0]
 [184 275   0]
 [185 275   0]
 [186 275   0]
 [187 275   0]
 [188 275   0]
 [189 275   0]
 [190 275   0]
 [191 275   0]
 [192 275   0]
 [193 274   0]
 [194 274   0]
 [195 274   0]
 [196 274   0]
 [197 274   0]
 [198 274   0]
 [199 274   0]
 [200 274   0]
 [201 274   0]
 [202 274   0]
 [203 274   0]
 [204 274   0]
 [205 274   0]
 [206 274   0]
 [207 274   0]
 [208 274   0]
 [209 274   0]
 [210 274   0]
 [211 274   0]
 [212 273   0]
 [213 273   0]
 [214 273   0]
 [215 273   0]
 [216 273   0]
 [217 273   0]
 [218 273   0]
 [219 273   0]
 [220 273   0]
 [221 273   0]
 [222 273   0]
 [223 273   0]
 [224 273   0]
 [225 273   0]
 [226 273   0]
 [227 273   0]
 [228 273   0]
 [229 273   0]
 [230 273   0]
 [231 272   0]
 [232 272   0]
 [233 272   0]
 [234 272   0]
 [235 272   0]
 [236 272   0]
 [237 272   0]
 [238 272   0]
 [239 272   0]
 [240 272   0]
 [241 272   0]
 [242 272   0]
 [243 272   0]
 [244 272   0]
 [245 272   0]
 [246 272   0]
 [247 272   0]
 [248 272   0]
 [249 271   0]]