(array([245., 246., 247., 248., 249., 250., 251., 252., 238., 239., 240.,
       241., 242., 243., 244., 245., 246., 247., 248., 249., 250., 251.,
       252., 231., 232., 233., 234., 235., 236., 237., 238., 239., 240.,
       241., 242., 243., 244., 245., 246., 247., 248., 249., 250., 251.,
       252., 223., 224., 225., 226., 227., 228., 229., 230., 231., 232.,
       233., 234., 235., 236., 237., 238., 239., 240., 241., 242., 243.,
       244., 245., 246., 247., 248., 249., 250., 251., 252., 216., 217.,
       218., 219., 220., 221., 222., 223., 224., 225., 226., 227., 228.,
       229., 230., 231., 232., 233., 234., 235., 236., 237., 238., 239.,
       240., 241., 242., 243., 244., 245., 246., 247., 248., 249., 250.,
       251., 252., 209., 210., 211., 212., 213., 214., 215., 216., 217.,
       218., 219., 220., 221., 222., 223., 224., 225., 226., 227., 228.,
       229., 230., 231., 232., 233., 234., 235., 236., 237., 238., 239.,
       240., 241., 242., 243., 244., 245., 246., 247., 248., 249., 250.,
       251., 252., 201., 202., 203., 204., 205., 206., 207., 208., 209.,
       210., 211., 212., 213., 214., 215., 216., 217., 218., 219., 220.,
       221., 222., 223., 224., 225., 226., 227., 228., 229., 230., 231.,
       232., 233., 234., 235., 236., 237., 238., 239., 240., 241., 242.,
       243., 244., 245., 246., 247., 248., 249., 250., 251., 252., 194.,
       195., 196., 197., 198., 199., 200., 201., 202., 203., 204., 205.,
       206., 207., 208., 209., 210., 211., 212., 213., 214., 215., 216.,
       217., 218., 219., 220., 221., 222., 223., 224., 225., 226., 227.,
       228., 229., 230., 231., 232., 233., 234., 235., 236., 237., 238.,
       239., 240., 241., 242., 243., 244., 245., 246., 247., 248., 249.,
       250., 251., 252., 187., 188., 189., 190., 191., 192., 193., 194.,
       195., 196., 197., 198., 199., 200., 201., 202., 203., 204., 205.,
       206., 207., 208., 209., 210., 211., 212., 213., 214., 215., 216.,
       217., 218., 219., 220., 221., 222., 223., 224., 225., 226., 227.,
       228., 229., 230., 231., 232., 233., 234., 235., 236., 237., 238.,
       239., 240., 241., 242., 243., 244., 245., 246., 247., 248., 249.,
       250., 251., 252., 179., 180., 181., 182., 183., 184., 185., 186.,
       187., 188., 189., 190., 191., 192., 193., 194., 195., 196., 197.,
       198., 199., 200., 201., 202., 203., 204., 205., 206., 207., 208.,
       209., 210., 211., 212., 213., 214., 215., 216., 217., 218., 219.,
       220., 221., 222., 223., 224., 225., 226., 227., 228., 229., 230.,
       231., 232., 233., 234., 235., 236., 237., 238., 239., 240., 241.,
       242., 243., 244., 245., 246., 247., 248., 249., 250., 251., 252.,
       172., 173., 174., 175., 176., 177., 178., 179., 180., 181., 182.,
       183., 184., 185., 186., 187., 188., 189., 190., 191., 192., 193.,
       194., 195., 196., 197., 198., 199., 200., 201., 202., 203., 204.,
       205., 206., 207., 208., 209., 210., 211., 212., 213., 214., 215.,
       216., 217., 218., 219., 220., 221., 222., 223., 224., 225., 226.,
       227., 228., 229., 230., 231., 232., 233., 234., 235., 236., 237.,
       238., 239., 240., 241., 242., 243., 244., 245., 246., 247., 248.,
       249., 250., 251., 252., 253., 165., 166., 167., 168., 169., 170.,
       171., 172., 173., 174., 175., 176., 177., 178., 179., 180., 181.,
       182., 183., 184., 185., 186., 187., 188., 189., 190., 191., 192.,
       193., 194., 195., 196., 197., 198., 199., 200., 201., 202., 203.,
       204., 205., 206., 207., 208., 209., 210., 211., 212., 213., 214.,
       215., 216., 217., 218., 219., 220., 221., 222., 223., 224., 225.,
       226., 227., 228., 229., 230., 231., 232., 233., 234., 235., 236.,
       237., 238., 239., 240., 241., 242., 243., 244., 245., 246., 247.,
       248., 249., 250., 251., 252., 253., 158., 159., 160., 161., 162.,
       163., 164., 165., 166., 167., 168., 169., 170., 171., 172., 173.,
       174., 175., 176., 177., 178., 179., 180., 181., 182., 183., 184.,
       185., 186., 187., 188., 189., 190., 191., 192., 193., 194., 195.,
       196., 197., 198., 199., 200., 201., 202., 203., 204., 205., 206.,
       207., 208., 209., 210., 211., 212., 213., 214., 215., 216., 217.,
       218., 219., 220., 221., 222., 223., 224., 225., 226., 227., 228.,
       229., 230., 231., 232., 233., 234., 235., 236., 237., 238., 239.,
       240., 241., 242., 243., 244., 245., 246., 247., 248., 249., 250.,
       251., 252., 253., 150., 151., 152., 153., 154., 155., 156., 157.,
       158., 159., 160., 161., 162., 163., 164., 165., 166., 167., 168.,
       169., 170., 171., 172., 173., 174., 175., 176., 177., 178., 179.,
       180., 181., 182., 183., 184., 185., 186., 187., 188., 189., 190.,
       191., 192., 193., 194., 195., 196., 197., 198., 199., 200., 201.,
       202., 203., 204., 205., 206., 207., 208., 209., 210., 211., 212.,
       213., 214., 215., 216., 217., 218., 219., 220., 221., 222., 223.,
       224., 225., 226., 227., 228., 229., 230., 231., 232., 233., 234.,
       235., 236., 237., 238., 239., 240., 241., 242., 243., 244., 245.,
       246., 247., 248., 249., 250., 251., 252., 253., 143., 144., 145.,
       146., 147., 148., 149., 150., 151., 152., 153., 154., 155., 156.,
       157., 158., 159., 160., 161., 162., 163., 164., 165., 166., 167.,
       168., 169., 170., 171., 172., 173., 174., 175., 176., 177., 178.,
       179., 180., 181., 182., 183., 184., 185., 186., 187., 188., 189.,
       190., 191., 192., 193., 194., 195., 196., 197., 198., 199., 200.,
       201., 202., 203., 204., 205., 206., 207., 208., 209., 210., 211.,
       212., 213., 214., 215., 216., 217., 218., 219., 220., 221., 222.,
       223., 224., 225., 226., 227., 228., 229., 230., 231., 232., 233.,
       234., 235., 236., 237., 238., 239., 240., 241., 242., 243., 244.,
       245., 246., 247., 248., 249., 250., 251., 252., 253., 136., 137.,
       138., 139., 140., 141., 142., 143., 144., 145., 146., 147., 148.,
       149., 150., 151., 152., 153., 154., 155., 156., 157., 158., 159.,
       160., 161., 162., 163., 164., 165., 166., 167., 168., 169., 170.,
       171., 172., 173., 174., 175., 176., 177., 178., 179., 180., 181.,
       182., 183., 184., 185., 186., 187., 188., 189., 190., 191., 192.,
       193., 194., 195., 196., 197., 198., 199., 200., 201., 202., 203.,
       204., 205., 206., 207., 208., 209., 210., 211., 212., 213., 214.,
       215., 216., 217., 218., 219., 220., 221., 222., 223., 224., 225.,
       226., 227., 228., 229., 230., 231., 232., 233., 234., 235., 236.,
       237., 238., 239., 240., 241., 242., 243., 244., 245., 246., 247.,
       248., 249., 250., 251., 252., 253., 128., 129., 130., 131., 132.,
       133., 134., 135., 136., 137., 138., 139., 140., 141., 142., 143.,
       144., 145., 146., 147., 148., 149., 150., 151., 152., 153., 154.,
       155., 156., 157., 158., 159., 160., 161., 162., 163., 164., 165.,
       166., 167., 168., 169., 170., 171., 172., 173., 174., 175., 176.,
       177., 178., 179., 180., 181., 182., 183., 184., 185., 186., 187.,
       188., 189., 190., 191., 192., 193., 194., 195., 196., 197., 198.,
       199., 200., 201., 202., 203., 204., 205., 206., 207., 208., 209.,
       210., 211., 212., 213., 214., 215., 216., 217., 218., 219., 220.,
       221., 222., 223., 224., 225., 226., 227., 228., 229., 230., 231.,
       232., 233., 234., 235., 236., 237., 238., 239., 240., 241., 242.,
       243., 244., 245., 246., 247., 248., 249., 250., 251., 252., 253.,
       121., 122., 123., 124., 125., 126., 127., 128., 129., 130., 131.,
       132., 133., 134., 135., 136., 137., 138., 139., 140., 141., 142.,
       143., 144., 145., 146., 147., 148., 149., 150., 151., 152., 153.,
       154., 155., 156., 157., 158., 159., 160., 161., 162., 163., 164.,
       165., 166., 167., 168., 169., 170., 171., 172., 173., 174., 175.,
       176., 177., 178., 179., 180., 181., 182., 183., 184., 185., 186.,
       187., 188., 189., 190., 191., 192., 193., 194., 195., 196., 197.,
       198., 199., 200., 201., 202., 203., 204., 205., 206., 207., 208.,
       209., 210., 211., 212., 213., 214., 215., 216., 217., 218., 219.,
       220., 221., 222., 223., 224., 225., 226., 227., 228., 229., 230.,
       231., 232., 233., 234., 235., 236., 237., 238., 239., 240., 241.,
       242., 243., 244., 245., 246., 247., 248., 249., 250., 251., 252.,
       253., 114., 115., 116., 117., 118., 119., 120., 121., 122., 123.,
       124., 125., 126., 127., 128., 129., 130., 131., 132., 133., 134.,
       135., 136., 137., 138., 139., 140., 141., 142., 143., 144., 145.,
       146., 147., 148., 149., 150., 151., 152., 153., 154., 155., 156.,
       157., 158., 159., 160., 161., 162., 163., 164., 165., 166., 167.,
       168., 169., 170., 171., 172., 173., 174., 175., 176., 177., 178.,
       179., 180., 181., 182., 183., 184., 185., 186., 187., 188., 189.,
       190., 191., 192., 193., 194., 195., 196., 197., 198., 199., 200.,
       201., 202., 203., 204., 205., 206., 207., 208., 209., 210., 211.,
       212., 213., 214., 215., 216., 217., 218., 219., 220., 221., 222.,
       223., 224., 225., 226., 227., 228., 229., 230., 231., 232., 233.,
       234., 235., 236., 237., 238., 239., 240., 241., 242., 243., 244.,
       245., 246., 247., 248., 249., 250., 251., 252., 253., 106., 107.,
       108., 109., 110., 111., 112., 113., 114., 115., 116., 117., 118.,
       119., 120., 121., 122., 123., 124., 125., 126., 127., 128., 129.,
       130., 131., 132., 133., 134., 135., 136., 137., 138., 139., 140.,
       141., 142., 143., 144., 145., 146., 147., 148., 149., 150., 151.,
       152., 153., 154., 155., 156., 157., 158., 159., 160., 161., 162.,
       163., 164., 165., 166., 167., 168., 169., 170., 171., 172., 173.,
       174., 175., 176., 177., 178., 179., 180., 181., 182., 183., 184.,
       185., 186., 187., 188., 189., 190., 191., 192., 193., 194., 195.,
       196., 197., 198., 199., 200., 201., 202., 203., 204., 205., 206.,
       207., 208., 209., 210., 211., 212., 213., 214., 215., 216., 217.,
       218., 219., 220., 221., 222., 223., 224., 225., 226., 227., 228.,
       229., 230., 231., 232., 233., 234., 235., 236., 237., 238., 239.,
       240., 241., 242., 243., 244., 245., 246., 247., 248., 249., 250.,
       251., 252., 253.,  99., 100., 101., 102., 103., 104., 105., 106.,
       107., 108., 109., 110., 111., 112., 113., 114., 115., 116., 117.,
       118., 119., 120., 121., 122., 123., 124., 125., 126., 127., 128.,
       129., 130., 131., 132., 133., 134., 135., 136., 137., 138., 139.,
       140., 141., 142., 143., 144., 145., 146., 147., 148., 149., 150.,
       151., 152., 153., 154., 155., 156., 157., 158., 159., 160., 161.,
       162., 163., 164., 165., 166., 167., 168., 169., 170., 171., 172.,
       173., 174., 175., 176., 177., 178., 179., 180., 181., 182., 183.,
       184., 185., 186., 187., 188., 189., 190., 191., 192., 193., 194.,
       195., 196., 197.,  92.,  93.,  94.,  95.,  96.,  97.,  98.,  99.,
       100., 101., 102., 103., 104., 105., 106., 107., 108., 109., 110.,
       111., 112., 113., 114., 115., 116., 117., 118., 119., 120., 121.,
       122., 123., 124., 125., 126., 127., 128., 129., 130., 131., 132.,
       133., 134., 135., 136., 137., 138., 139., 140.]), array([260., 260., 260., 260., 260., 260., 260., 260., 261., 261., 261.,
       261., 261., 261., 261., 261., 261., 261., 261., 261., 261., 261.,
       261., 262., 262., 262., 262., 262., 262., 262., 262., 262., 262.,
       262., 262., 262., 262., 262., 262., 262., 262., 262., 262., 262.,
       262., 263., 263., 263., 263., 263., 263., 263., 263., 263., 263.,
       263., 263., 263., 263., 263., 263., 263., 263., 263., 263., 263.,
       263., 263., 263., 263., 263., 263., 263., 263., 263., 264., 264.,
       264., 264., 264., 264., 264., 264., 264., 264., 264., 264., 264.,
       264., 264., 264., 264., 264., 264., 264., 264., 264., 264., 264.,
       264., 264., 264., 264., 264., 264., 264., 264., 264., 264., 264.,
       264., 264., 265., 265., 265., 265., 265., 265., 265., 265., 265.,
       265., 265., 265., 265., 265., 265., 265., 265., 265., 265., 265.,
       265., 265., 265., 265., 265., 265., 265., 265., 265., 265., 265.,
       265., 265., 265., 265., 265., 265., 265., 265., 265., 265., 265.,
       265., 265., 266., 266., 266., 266., 266., 266., 266., 266., 266.,
       266., 266., 266., 266., 266., 266., 266., 266., 266., 266., 266.,
       266., 266., 266., 266., 266., 266., 266., 266., 266., 266., 266.,
       266., 266., 266., 266., 266., 266., 266., 266., 266., 266., 266.,
       266., 266., 266., 266., 266., 266., 266., 266., 266., 266., 267.,
       267., 267., 267., 267., 267., 267., 267., 267., 267., 267., 267.,
       267., 267., 267., 267., 267., 267., 267., 267., 267., 267., 267.,
       267., 267., 267., 267., 267., 267., 267., 267., 267., 267., 267.,
       267., 267., 267., 267., 267., 267., 267., 267., 267., 267., 267.,
       267., 267., 267., 267., 267., 267., 267., 267., 267., 267., 267.,
       267., 267., 267., 268., 268., 268., 268., 268., 268., 268., 268.,
       268., 268., 268., 268., 268., 268., 268., 268., 268., 268., 268.,
       268., 268., 268., 268., 268., 268., 268., 268., 268., 268., 268.,
       268., 268., 268., 268., 268., 268., 268., 268., 268., 268., 268.,
       268., 268., 268., 268., 268., 268., 268., 268., 268., 268., 268.,
       268., 268., 268., 268., 268., 268., 268., 268., 268., 268., 268.,
       268., 268., 268., 269., 269., 269., 269., 269., 269., 269., 269.,
       269., 269., 269., 269., 269., 269., 269., 269., 269., 269., 269.,
       269., 269., 269., 269., 269., 269., 269., 269., 269., 269., 269.,
       269., 269., 269., 269., 269., 269., 269., 269., 269., 269., 269.,
       269., 269., 269., 269., 269., 269., 269., 269., 269., 269., 269.,
       269., 269., 269., 269., 269., 269., 269., 269., 269., 269., 269.,
       269., 269., 269., 269., 269., 269., 269., 269., 269., 269., 269.,
       270., 270., 270., 270., 270., 270., 270., 270., 270., 270., 270.,
       270., 270., 270., 270., 270., 270., 270., 270., 270., 270., 270.,
       270., 270., 270., 270., 270., 270., 270., 270., 270., 270., 270.,
       270., 270., 270., 270., 270., 270., 270., 270., 270., 270., 270.,
       270., 270., 270., 270., 270., 270., 270., 270., 270., 270., 270.,
       270., 270., 270., 270., 270., 270., 270., 270., 270., 270., 270.,
       270., 270., 270., 270., 270., 270., 270., 270., 270., 270., 270.,
       270., 270., 270., 270., 270., 271., 271., 271., 271., 271., 271.,
       271., 271., 271., 271., 271., 271., 271., 271., 271., 271., 271.,
       271., 271., 271., 271., 271., 271., 271., 271., 271., 271., 271.,
       271., 271., 271., 271., 271., 271., 271., 271., 271., 271., 271.,
       271., 271., 271., 271., 271., 271., 271., 271., 271., 271., 271.,
       271., 271., 271., 271., 271., 271., 271., 271., 271., 271., 271.,
       271., 271., 271., 271., 271., 271., 271., 271., 271., 271., 271.,
       271., 271., 271., 271., 271., 271., 271., 271., 271., 271., 271.,
       271., 271., 271., 271., 271., 271., 272., 272., 272., 272., 272.,
       272., 272., 272., 272., 272., 272., 272., 272., 272., 272., 272.,
       272., 272., 272., 272., 272., 272., 272., 272., 272., 272., 272.,
       272., 272., 272., 272., 272., 272., 272., 272., 272., 272., 272.,
       272., 272., 272., 272., 272., 272., 272., 272., 272., 272., 272.,
       272., 272., 272., 272., 272., 272., 272., 272., 272., 272., 272.,
       272., 272., 272., 272., 272., 272., 272., 272., 272., 272., 272.,
       272., 272., 272., 272., 272., 272., 272., 272., 272., 272., 272.,
       272., 272., 272., 272., 272., 272., 272., 272., 272., 272., 272.,
       272., 272., 272., 273., 273., 273., 273., 273., 273., 273., 273.,
       273., 273., 273., 273., 273., 273., 273., 273., 273., 273., 273.,
       273., 273., 273., 273., 273., 273., 273., 273., 273., 273., 273.,
       273., 273., 273., 273., 273., 273., 273., 273., 273., 273., 273.,
       273., 273., 273., 273., 273., 273., 273., 273., 273., 273., 273.,
       273., 273., 273., 273., 273., 273., 273., 273., 273., 273., 273.,
       273., 273., 273., 273., 273., 273., 273., 273., 273., 273., 273.,
       273., 273., 273., 273., 273., 273., 273., 273., 273., 273., 273.,
       273., 273., 273., 273., 273., 273., 273., 273., 273., 273., 273.,
       273., 273., 273., 273., 273., 273., 273., 273., 274., 274., 274.,
       274., 274., 274., 274., 274., 274., 274., 274., 274., 274., 274.,
       274., 274., 274., 274., 274., 274., 274., 274., 274., 274., 274.,
       274., 274., 274., 274., 274., 274., 274., 274., 274., 274., 274.,
       274., 274., 274., 274., 274., 274., 274., 274., 274., 274., 274.,
       274., 274., 274., 274., 274., 274., 274., 274., 274., 274., 274.,
       274., 274., 274., 274., 274., 274., 274., 274., 274., 274., 274.,
       274., 274., 274., 274., 274., 274., 274., 274., 274., 274., 274.,
       274., 274., 274., 274., 274., 274., 274., 274., 274., 274., 274.,
       274., 274., 274., 274., 274., 274., 274., 274., 274., 274., 274.,
       274., 274., 274., 274., 274., 274., 274., 274., 274., 275., 275.,
       275., 275., 275., 275., 275., 275., 275., 275., 275., 275., 275.,
       275., 275., 275., 275., 275., 275., 275., 275., 275., 275., 275.,
       275., 275., 275., 275., 275., 275., 275., 275., 275., 275., 275.,
       275., 275., 275., 275., 275., 275., 275., 275., 275., 275., 275.,
       275., 275., 275., 275., 275., 275., 275., 275., 275., 275., 275.,
       275., 275., 275., 275., 275., 275., 275., 275., 275., 275., 275.,
       275., 275., 275., 275., 275., 275., 275., 275., 275., 275., 275.,
       275., 275., 275., 275., 275., 275., 275., 275., 275., 275., 275.,
       275., 275., 275., 275., 275., 275., 275., 275., 275., 275., 275.,
       275., 275., 275., 275., 275., 275., 275., 275., 275., 275., 275.,
       275., 275., 275., 275., 275., 275., 276., 276., 276., 276., 276.,
       276., 276., 276., 276., 276., 276., 276., 276., 276., 276., 276.,
       276., 276., 276., 276., 276., 276., 276., 276., 276., 276., 276.,
       276., 276., 276., 276., 276., 276., 276., 276., 276., 276., 276.,
       276., 276., 276., 276., 276., 276., 276., 276., 276., 276., 276.,
       276., 276., 276., 276., 276., 276., 276., 276., 276., 276., 276.,
       276., 276., 276., 276., 276., 276., 276., 276., 276., 276., 276.,
       276., 276., 276., 276., 276., 276., 276., 276., 276., 276., 276.,
       276., 276., 276., 276., 276., 276., 276., 276., 276., 276., 276.,
       276., 276., 276., 276., 276., 276., 276., 276., 276., 276., 276.,
       276., 276., 276., 276., 276., 276., 276., 276., 276., 276., 276.,
       276., 276., 276., 276., 276., 276., 276., 276., 276., 276., 276.,
       277., 277., 277., 277., 277., 277., 277., 277., 277., 277., 277.,
       277., 277., 277., 277., 277., 277., 277., 277., 277., 277., 277.,
       277., 277., 277., 277., 277., 277., 277., 277., 277., 277., 277.,
       277., 277., 277., 277., 277., 277., 277., 277., 277., 277., 277.,
       277., 277., 277., 277., 277., 277., 277., 277., 277., 277., 277.,
       277., 277., 277., 277., 277., 277., 277., 277., 277., 277., 277.,
       277., 277., 277., 277., 277., 277., 277., 277., 277., 277., 277.,
       277., 277., 277., 277., 277., 277., 277., 277., 277., 277., 277.,
       277., 277., 277., 277., 277., 277., 277., 277., 277., 277., 277.,
       277., 277., 277., 277., 277., 277., 277., 277., 277., 277., 277.,
       277., 277., 277., 277., 277., 277., 277., 277., 277., 277., 277.,
       277., 277., 277., 277., 277., 277., 277., 277., 277., 277., 277.,
       277., 278., 278., 278., 278., 278., 278., 278., 278., 278., 278.,
       278., 278., 278., 278., 278., 278., 278., 278., 278., 278., 278.,
       278., 278., 278., 278., 278., 278., 278., 278., 278., 278., 278.,
       278., 278., 278., 278., 278., 278., 278., 278., 278., 278., 278.,
       278., 278., 278., 278., 278., 278., 278., 278., 278., 278., 278.,
       278., 278., 278., 278., 278., 278., 278., 278., 278., 278., 278.,
       278., 278., 278., 278., 278., 278., 278., 278., 278., 278., 278.,
       278., 278., 278., 278., 278., 278., 278., 278., 278., 278., 278.,
       278., 278., 278., 278., 278., 278., 278., 278., 278., 278., 278.,
       278., 278., 278., 278., 278., 278., 278., 278., 278., 278., 278.,
       278., 278., 278., 278., 278., 278., 278., 278., 278., 278., 278.,
       278., 278., 278., 278., 278., 278., 278., 278., 278., 278., 278.,
       278., 278., 278., 278., 278., 278., 278., 278., 278., 279., 279.,
       279., 279., 279., 279., 279., 279., 279., 279., 279., 279., 279.,
       279., 279., 279., 279., 279., 279., 279., 279., 279., 279., 279.,
       279., 279., 279., 279., 279., 279., 279., 279., 279., 279., 279.,
       279., 279., 279., 279., 279., 279., 279., 279., 279., 279., 279.,
       279., 279., 279., 279., 279., 279., 279., 279., 279., 279., 279.,
       279., 279., 279., 279., 279., 279., 279., 279., 279., 279., 279.,
       279., 279., 279., 279., 279., 279., 279., 279., 279., 279., 279.,
       279., 279., 279., 279., 279., 279., 279., 279., 279., 279., 279.,
       279., 279., 279., 279., 279., 279., 279., 279., 279., 279., 279.,
       279., 279., 279., 279., 279., 279., 279., 279., 279., 279., 279.,
       279., 279., 279., 279., 279., 279., 279., 279., 279., 279., 279.,
       279., 279., 279., 279., 279., 279., 279., 279., 279., 279., 279.,
       279., 279., 279., 279., 279., 279., 279., 279., 279., 279., 279.,
       279., 279., 279., 280., 280., 280., 280., 280., 280., 280., 280.,
       280., 280., 280., 280., 280., 280., 280., 280., 280., 280., 280.,
       280., 280., 280., 280., 280., 280., 280., 280., 280., 280., 280.,
       280., 280., 280., 280., 280., 280., 280., 280., 280., 280., 280.,
       280., 280., 280., 280., 280., 280., 280., 280., 280., 280., 280.,
       280., 280., 280., 280., 280., 280., 280., 280., 280., 280., 280.,
       280., 280., 280., 280., 280., 280., 280., 280., 280., 280., 280.,
       280., 280., 280., 280., 280., 280., 280., 280., 280., 280., 280.,
       280., 280., 280., 280., 280., 280., 280., 280., 280., 280., 280.,
       280., 280., 280., 281., 281., 281., 281., 281., 281., 281., 281.,
       281., 281., 281., 281., 281., 281., 281., 281., 281., 281., 281.,
       281., 281., 281., 281., 281., 281., 281., 281., 281., 281., 281.,
       281., 281., 281., 281., 281., 281., 281., 281., 281., 281., 281.,
       281., 281., 281., 281., 281., 281., 281., 281.]))